33 514 7 587 6 3
28 40 6 102 14 2
20 1726 1 1765 11 7
22 830 6 877 12 4
29 2209 3 2258 4 7
22 1847 6 1892 5 1
30 2852 7 2914 15 3
28 2637 2 2691 15 10
32 1005 2 1073 12 2
33 191 3 265 13 8
21 1811 6 1851 4 1
26 241 2 300 1 8
14 2352 1 2382 8 8
37 2953 9 3022 9 5
27 2320 4 2365 11 4
24 573 1 625 6 8
36 1584 8 1650 10 3
16 1886 4 1921 7 2
22 2033 2 2073 11 3
28 689 3 752 9 2
35 2589 5 2668 1 5
25 1924 3 1970 11 9
32 2938 9 3004 3 11
16 631 6 658 15 6
33 1187 8 1245 14 9
29 2843 7 2896 13 11
57 2928 1 3058 5 6
18 2023 1 2062 12 2
20 489 7 531 1 6
28 1949 9 2011 4 5
31 700 9 763 12 11
19 2065 5 2106 13 9
45 2054 5 2141 9 1
14 911 9 941 11 8
18 2300 1 2336 3 9
27 775 7 830 13 5
28 2546 6 2608 7 7
28 1465 8 1523 11 6
17 2778 2 2812 4 3
32 661 4 725 9 6
21 1118 3 1153 10 4
29 49 8 102 13 10
25 483 9 539 6 11
20 1855 2 1891 12 1
14 1137 9 1164 5 4
14 2710 7 2737 15 4
31 601 9 665 13 5
20 612 2 654 10 6
36 3003 5 3082 12 7
27 289 3 342 14 1
34 1234 4 1299 12 3
18 2456 1 2490 5 6
23 1106 7 1150 10 7
24 1350 7 1401 6 11
16 1247 1 1283 8 6
27 535 6 582 11 10
37 915 3 988 12 1
23 156 9 197 14 3
28 2248 4 2303 4 8
36 2323 4 2396 8 11
17 2277 8 2311 3 3
26 1526 3 1575 6 8
18 603 3 634 1 1
34 1779 7 1836 14 8
30 1505 7 1569 15 2
23 1056 8 1106 14 9
43 1353 1 1426 4 11
20 1842 7 1880 7 4
31 2641 7 2706 13 11
21 1393 5 1431 9 9
19 141 8 179 9 3
26 2680 7 2737 15 3
26 2961 7 3013 15 7
21 2291 2 2330 8 4
22 272 3 311 9 6
22 2350 9 2388 15 5
29 1764 4 1828 12 8
17 2279 1 2315 13 1
24 267 8 322 10 3
20 2365 6 2404 13 4
23 1739 3 1779 12 11
22 1491 6 1528 2 9
13 112 8 140 4 6
26 2415 6 2466 1 6
20 195 3 240 5 7
24 61 8 102 3 8
20 1549 3 1593 2 10
24 937 6 986 12 5
23 28 3 79 11 3
28 2710 9 2765 11 8
18 1582 7 1612 5 11
31 2097 5 2151 5 5
26 2817 1 2870 4 9
43 296 2 376 15 5
33 2434 4 2492 8 10
41 2651 2 2734 9 3
34 2299 4 2376 3 9
17 1209 8 1243 5 3
27 2480 6 2536 4 2
35 144 1 223 11 10
20 1513 3 1555 5 6
38 2583 1 2648 11 2
17 2408 5 2445 9 10
25 180 4 234 8 2
28 2341 1 2402 1 10
32 1454 4 1518 15 11
25 2753 5 2798 12 7
26 1062 1 1111 1 3
34 2305 4 2371 14 7
23 2318 3 2365 4 2
18 977 4 1008 3 2
32 632 5 704 7 1
29 1113 4 1166 3 3
26 2628 7 2681 8 7
16 637 2 669 9 10
37 130 1 199 5 9
22 2929 9 2967 11 5
23 172 4 221 1 9
33 430 6 493 8 8
46 649 5 741 13 6
20 1240 2 1276 13 1
33 1672 2 1730 14 4
22 1868 9 1905 9 11
35 3010 2 3075 8 5
24 708 3 751 10 11
24 1427 4 1479 1 6
24 2798 3 2841 4 1
19 2924 9 2956 6 6
18 1275 2 1308 12 6
29 1825 9 1878 1 9
32 2718 1 2772 15 7
29 1834 4 1884 6 11
17 319 4 355 10 2
22 248 1 297 9 10
28 3043 9 3100 11 5
20 616 8 657 15 9
32 2388 5 2453 9 1
31 1306 1 1365 8 4
24 2120 7 2162 11 9
25 1545 9 1588 5 10
27 2744 3 2801 14 5
19 1198 1 1233 1 6
35 1761 2 1827 3 10
23 985 6 1024 2 4
30 2008 2 2069 8 3
22 2747 5 2787 11 1
36 917 7 983 4 6
18 2888 3 2919 14 8
20 1350 2 1387 1 5
30 713 6 764 3 10
25 682 8 724 10 8
25 422 8 465 1 6
31 326 1 393 2 10
24 1258 8 1301 5 3
26 1292 5 1337 13 7
24 2558 7 2598 8 11
29 1744 3 1803 7 5
20 653 1 689 2 6
31 2600 3 2667 14 2
18 1589 8 1627 5 7
18 2604 3 2636 3 9
51 14 4 132 2 6
16 2493 3 2524 8 3
31 1094 5 1156 4 9
25 135 2 188 3 6
25 1637 1 1686 10 2
34 546 3 610 11 4
30 1831 7 1891 2 10
21 855 7 893 8 5
26 734 1 786 9 8
27 53 9 113 13 10
28 755 5 803 7 3
24 1315 7 1360 15 4
18 1126 5 1164 5 10
30 2289 5 2355 13 8
18 1729 7 1766 3 2
23 2422 2 2472 14 7
41 770 1 843 8 11
21 863 4 898 12 4
31 2954 6 3021 4 7
14 2784 4 2812 4 3
26 1140 2 1184 5 3
23 1331 4 1377 3 3
17 1726 1 1760 1 10
22 815 8 864 9 7
19 2814 4 2852 3 8
30 113 5 168 11 2
27 280 4 333 15 2
15 294 3 323 13 3
18 1311 4 1348 2 1
22 1514 9 1558 7 1
40 1254 5 1322 13 6
19 125 4 165 5 6
39 1215 6 1282 3 7
50 837 6 929 6 3
33 2038 9 2098 13 2
19 2261 2 2297 8 7
20 1967 4 2006 5 3
47 2328 3 2408 4 11
34 1669 3 1733 1 5
43 1861 1 1958 14 7
18 2534 2 2569 4 10
25 222 8 277 11 4
26 1250 8 1299 12 4
28 2845 3 2905 13 1
30 1486 6 1549 9 9
17 642 6 675 9 9
27 1823 9 1881 6 5
24 415 4 465 5 3
38 2201 2 2281 9 9
21 3047 5 3095 13 8
21 2545 2 2587 8 7
25 458 7 514 14 3
19 2713 4 2755 14 9
22 2203 6 2244 13 6
31 2908 4 2979 7 9
28 1663 7 1719 10 6
23 2485 5 2526 10 8
39 2483 3 2560 6 7
29 1123 5 1188 11 9
31 1478 5 1544 2 1
25 2921 9 2964 8 7
25 1146 2 1190 14 9
35 2755 1 2820 9 3
24 4 8 51 2 10
37 1151 7 1230 4 6
37 724 3 801 7 4
34 413 6 473 10 8
34 2627 7 2697 10 2
31 599 4 654 6 7
23 1389 5 1439 7 8
27 1936 9 1983 4 4
21 2608 6 2648 6 7
23 2132 9 2176 15 7
31 1600 3 1665 2 5
39 2368 3 2440 7 7
20 2446 9 2481 14 7
33 1323 5 1392 15 7
47 604 3 684 10 7
28 70 3 132 1 6
29 2078 9 2133 1 8
19 1556 1 1588 3 3
31 2640 5 2694 13 8
21 2276 3 2313 7 6
23 441 7 481 6 3
26 3040 2 3098 5 2
24 1494 1 1537 12 10
19 1407 8 1448 6 1
39 904 2 972 5 6
24 524 3 567 3 9
33 1205 2 1264 12 9
25 1952 8 2002 15 4
27 2184 1 2246 12 8
18 157 4 190 10 6
21 1741 4 1779 4 2
16 110 2 143 13 10
31 1913 2 1984 12 11
36 2295 3 2368 13 5
18 529 8 562 6 9
30 2177 8 2236 2 3
17 2069 6 2100 1 8
22 831 6 869 8 9
22 2262 6 2303 10 11
40 1012 3 1094 10 4
29 1495 7 1552 9 8
26 101 6 155 2 1
21 147 3 190 2 2
28 1698 6 1745 8 10
27 659 7 711 13 4
35 1190 1 1265 4 9
28 2966 6 3028 4 5
39 2674 1 2758 15 6
27 1929 5 1974 10 7
21 2634 2 2672 8 4
37 2102 5 2172 14 7
16 2161 1 2191 11 7
25 2944 8 2999 14 5
29 1562 3 1614 15 5
22 2726 4 2764 12 10
27 1147 6 1202 7 10
23 2503 3 2552 6 9
19 692 2 734 6 4
23 673 9 720 10 8
23 354 8 393 11 2
31 333 2 403 11 10
22 1707 6 1751 1 4
21 2019 8 2063 14 5
33 2199 9 2260 13 10
37 457 5 523 10 7
32 906 4 973 13 7
20 2579 1 2615 8 4
30 1972 2 2030 12 6
21 1692 9 1736 2 11
34 2539 9 2598 14 10
35 2662 4 2730 7 6
39 1904 3 1988 7 3
29 2262 2 2327 1 3
13 434 2 457 7 7
18 2126 6 2166 1 6
20 1798 1 1843 10 6
30 2713 8 2779 4 3
33 1543 9 1602 15 9
24 2520 8 2568 11 4
21 2315 7 2361 10 8
32 2946 6 3015 8 6
22 392 9 432 4 10
24 1023 3 1067 3 10
34 1051 7 1115 13 4
18 497 5 531 4 2
16 1719 5 1750 1 6
36 865 3 938 14 10
32 1894 3 1948 9 11
26 810 6 863 7 4
34 1963 7 2029 1 3
30 1251 8 1309 7 11
21 340 7 376 1 1
20 45 8 84 15 5
25 993 3 1050 15 2
28 2009 5 2065 9 9
21 170 1 205 5 3
20 305 3 346 8 8
17 225 6 258 5 2
24 1049 4 1104 10 11
13 1911 7 1937 13 10
24 2207 9 2255 14 5
34 955 6 1032 11 8
16 2965 2 2997 7 4
20 25 7 59 2 3
30 1870 8 1929 8 7
43 1163 6 1241 1 5
18 478 5 509 15 5
18 2587 2 2628 10 10
26 1221 4 1275 4 5
31 1980 3 2042 6 9
27 520 3 565 9 11
26 2128 4 2183 12 7
37 2219 3 2298 5 7
28 2394 7 2452 7 10
16 590 5 620 4 9
32 1680 7 1734 11 6
19 1 5 44 8 7
45 954 4 1032 5 7
20 2130 2 2175 7 8
16 1261 1 1292 11 2
24 2050 9 2105 14 9
22 1685 3 1729 7 6
36 456 3 531 1 2
22 130 5 169 2 8
28 1224 1 1282 7 7
26 384 3 436 10 4
29 2389 8 2452 10 10
24 2326 9 2381 1 2
31 2002 2 2059 13 3
18 582 8 615 15 7
19 1021 5 1056 7 10
21 1688 3 1725 6 1
35 2303 3 2365 9 8
31 2878 2 2944 7 1
34 1030 1 1107 10 2
42 1099 5 1195 4 4
23 2800 1 2846 6 10
22 2811 7 2860 13 7
30 1340 1 1390 6 10
16 699 2 730 4 5
17 2156 1 2186 11 6
41 1094 6 1177 14 5
25 2896 1 2940 15 1
17 245 9 279 2 7
41 737 9 811 3 10
24 1840 6 1885 3 10
40 1380 8 1458 14 3
20 34 4 76 10 11
22 763 5 804 9 10
21 1373 1 1418 12 3
33 2825 4 2890 2 9
29 2790 2 2856 9 9
27 752 5 809 3 4
33 1997 2 2072 12 6
29 1133 1 1192 14 3
27 731 6 782 13 6
30 1250 4 1315 10 8
36 381 4 452 11 7
27 2552 1 2601 11 8
20 232 1 272 13 7
36 2660 9 2739 1 2
38 257 5 339 15 7
26 695 7 739 10 7
20 1420 1 1463 13 11
19 907 9 948 3 8
27 2795 4 2857 12 2
36 75 9 141 7 8
44 2397 7 2484 2 7
21 2186 8 2225 3 2
16 2354 9 2384 9 1
18 1416 9 1448 14 1
24 993 3 1048 14 3
27 38 1 90 9 9
22 304 6 350 13 2
21 1143 2 1181 2 4
32 2732 8 2786 14 7
21 576 4 622 14 1
30 1769 2 1827 7 10
23 218 5 264 6 6
37 857 7 930 15 9
22 2414 2 2456 7 7
21 110 2 145 1 2
14 1364 4 1391 2 9
25 2221 9 2278 14 3
28 2426 7 2477 12 9
16 1200 2 1234 3 9
19 1111 1 1146 5 3
38 1735 6 1820 1 4
22 1992 8 2033 8 2
15 2256 6 2290 10 7
25 1356 5 1402 9 9
34 68 3 139 9 6
35 1568 4 1643 3 8
16 298 4 334 4 3
33 200 6 273 1 1
19 204 7 246 15 3
25 960 4 1012 14 7
38 846 6 913 7 5
29 1539 4 1604 2 8
27 2900 8 2954 9 10
25 3025 4 3077 7 4
34 2082 3 2154 5 10
27 1335 9 1396 11 10
26 861 1 906 2 3
28 2372 1 2432 2 11
33 2185 9 2242 6 9
24 97 8 152 15 4
24 411 9 461 11 3
16 209 7 240 8 10
28 2707 3 2770 1 10
31 1442 3 1499 10 5
36 2308 3 2381 13 1
35 767 3 842 4 6
28 549 3 603 4 11
30 290 1 351 6 5
19 2466 1 2500 13 2
26 2072 1 2127 7 6
27 2657 3 2718 15 2
28 2266 9 2320 9 9
22 94 8 140 10 7
21 1264 8 1304 10 7
18 455 9 495 7 2
29 1014 2 1075 13 3
31 2976 2 3030 7 8
19 1903 6 1944 13 1
37 998 8 1078 14 10
23 3020 1 3060 5 11
24 95 5 136 1 4
34 1040 8 1117 5 5
20 1516 3 1552 6 7
18 2867 8 2908 14 6
35 2489 3 2550 14 3
17 596 6 628 3 8
20 2157 8 2198 4 2
25 1196 8 1253 8 10
45 499 5 596 2 11
29 2751 6 2802 7 6
29 1919 7 1972 12 3
23 1193 8 1241 1 5
16 2997 7 3030 3 2
26 3054 2 3104 13 1
33 1754 9 1830 1 5
23 1271 1 1312 9 9
29 2468 1 2521 12 9
35 2464 9 2533 3 6
28 503 8 563 15 11
24 2809 3 2861 15 11
37 666 1 746 5 6
25 622 8 675 9 9
35 586 4 662 12 2
31 248 9 315 12 11
26 1169 1 1227 13 4
14 1693 4 1720 7 10
14 1802 4 1829 6 9
28 3049 3 3096 15 9
19 1943 8 1977 6 2
25 1859 8 1908 3 8
29 446 4 496 8 11
35 2150 9 2223 5 4
20 1595 2 1636 4 11
36 2214 2 2284 7 11
18 1073 5 1114 1 3
37 1142 4 1207 12 7
42 1069 6 1154 13 1
31 2770 9 2841 7 9
42 314 3 387 6 10
27 821 7 869 3 11
19 355 4 392 7 3
25 2090 9 2140 13 7
24 1995 5 2042 1 9
20 3054 9 3097 8 9
24 510 7 554 9 11
41 2237 5 2317 7 1
21 1682 6 1728 5 1
19 1980 6 2021 8 2
43 1777 9 1861 5 6
19 518 1 558 7 10
26 2620 6 2674 15 1
27 579 8 624 9 8
30 2725 7 2785 13 3
28 886 8 942 8 8
22 920 3 963 4 9
19 1460 8 1495 3 2
16 1349 4 1378 1 6
18 1987 2 2020 11 8
34 2134 6 2208 1 5
32 736 1 800 6 2
24 791 9 833 8 6
22 2695 4 2732 4 6
33 389 6 461 14 8
28 2935 3 2984 2 1
26 553 5 612 3 1
31 2721 8 2784 10 5
13 1999 9 2021 1 10
16 1791 1 1819 6 4
41 1648 5 1737 12 9
30 1158 8 1218 11 5
19 2113 6 2151 7 5
22 2899 2 2939 7 10
33 2311 5 2387 5 11
20 2617 5 2656 13 10
22 2511 9 2561 2 5
18 1878 6 1916 12 6
30 2593 7 2643 10 10
21 1089 5 1127 14 5
33 1131 1 1207 11 5
24 2984 6 3031 4 7
21 747 5 792 4 6
35 2148 3 2210 11 3
12 2088 4 2113 15 6
25 2638 7 2690 5 7
34 1652 3 1713 6 3
28 477 5 540 1 5
25 1087 5 1142 3 10
33 164 4 236 5 8
27 1897 5 1943 15 10
25 933 7 988 5 6
31 3021 1 3085 12 8
28 1017 5 1070 13 3
29 1069 5 1126 11 3
30 946 3 1011 1 9
33 749 1 808 7 1
15 1837 1 1871 6 6
23 1288 2 1339 11 8
28 1413 4 1474 1 10
35 799 8 867 12 2
29 1813 9 1871 5 10
22 1622 9 1670 3 1
21 2404 4 2447 12 1
17 899 9 929 15 2
35 805 4 866 1 10
28 2346 6 2408 8 4
42 1507 6 1592 6 11
20 1229 5 1274 15 8
15 10 3 41 12 5
35 2076 4 2143 2 8
29 705 9 756 7 8
15 2375 4 2402 8 7
20 1586 1 1621 9 8
23 238 8 288 3 4
16 1620 2 1650 15 4
25 1528 1 1577 3 10
22 2726 6 2773 5 7
17 2701 7 2732 3 10
25 2781 3 2838 4 2
23 1399 4 1449 14 4
34 1727 9 1803 3 2
22 3022 7 3060 6 8
14 554 7 583 3 1
17 1174 5 1212 3 6
18 580 2 611 15 11
36 1035 4 1116 11 8
29 349 4 404 9 1
28 2475 6 2538 6 9
20 2762 4 2800 9 11
37 419 4 500 14 8
28 1809 7 1866 15 7
14 2837 4 2867 2 2
33 1130 5 1206 1 7
22 1572 2 1619 1 6
29 1901 6 1965 7 2
18 2153 9 2188 5 10
32 872 2 930 13 9
27 1640 1 1689 7 11
25 31 6 78 12 5
29 2391 7 2452 10 1
32 1302 5 1362 4 1
22 1481 6 1523 3 10
21 1705 6 1753 2 7
30 1627 2 1681 9 2
38 777 5 850 15 9
35 2870 8 2946 2 1
32 2501 5 2569 11 3
24 2738 6 2793 2 2
28 123 6 187 1 1
21 948 5 987 8 5
27 687 2 735 9 10
26 2467 9 2516 14 1
31 1027 8 1097 15 3
29 2612 8 2661 7 9
26 1083 9 1136 12 4
17 1101 9 1131 8 9
17 685 4 719 4 10
30 2306 8 2359 13 2
23 2341 3 2380 10 10
26 844 5 899 7 7
19 1889 6 1922 10 5
20 2172 3 2216 6 8
40 437 9 523 10 10
30 364 6 428 8 1
25 2541 1 2592 8 2
36 783 7 864 11 9
31 1390 1 1458 10 3
34 316 8 375 14 3
25 3035 6 3081 9 7
19 153 7 185 13 8
30 2765 1 2821 8 6
30 73 9 123 12 2
15 2497 7 2523 5 3
22 1917 6 1967 15 1
24 2652 9 2693 4 8
38 424 3 504 5 5
23 1317 5 1359 9 6
18 2848 2 2879 4 9
18 2029 4 2062 8 2
14 2773 2 2804 11 3
23 412 2 464 10 11
25 262 5 314 10 2
20 2074 7 2115 11 3
21 851 4 895 6 6
29 309 4 375 6 7
19 2802 1 2839 13 10
31 2828 2 2898 3 11
20 2108 8 2149 14 4
17 1009 4 1043 1 10
31 1385 1 1456 6 6
18 1747 8 1787 15 10
43 1043 3 1141 14 2
44 2269 2 2365 1 11
22 878 2 922 3 8
38 2233 2 2310 5 4
27 2224 9 2276 15 2
35 2331 7 2405 11 11
23 584 6 626 6 1
28 163 5 213 7 6
35 970 9 1041 9 2
23 1658 2 1708 3 5
31 2635 7 2704 14 11
17 324 2 361 7 3
21 1227 7 1275 2 6
25 2855 3 2909 4 4
43 1634 1 1731 5 7
17 2833 7 2865 2 9
26 2417 3 2474 14 8
35 1733 6 1801 15 2
23 2914 8 2965 8 11
16 767 1 796 10 11
38 446 5 532 13 3
21 2136 3 2181 14 7
20 406 6 450 2 2
35 645 3 710 2 9
27 1471 7 1525 2 6
29 416 9 478 3 4
22 1873 1 1912 3 1
18 2830 5 2871 7 10
27 903 8 948 9 3
28 553 8 602 8 11
26 929 1 976 9 1
22 1686 9 1735 9 7
26 1430 2 1474 10 1
26 509 9 564 1 1
27 306 1 355 7 10
19 1969 5 2004 8 11
15 1879 5 1905 7 5
24 1485 4 1529 12 3
22 3011 2 3059 10 8
23 1557 4 1604 5 7
31 758 1 816 11 4
24 2012 6 2060 6 4
28 1981 1 2035 5 7
16 2942 3 2969 14 10
42 2432 5 2504 10 3
38 511 7 589 10 7
45 2888 7 2964 11 1
23 2506 6 2548 1 7
27 1615 9 1676 11 10
29 2957 8 3017 1 4
25 1074 5 1121 7 8
18 1625 6 1657 13 8
20 2593 7 2637 5 3
43 1196 6 1286 2 5
17 2336 8 2370 7 4
25 974 9 1017 4 9
37 2883 2 2955 14 8
33 1993 3 2064 2 5
17 359 8 389 12 10
24 1233 8 1282 7 8
22 371 7 421 11 6
20 668 3 706 11 11
27 158 5 208 14 11
19 2025 1 2059 11 2
34 986 6 1056 12 3
16 2710 5 2740 14 5
23 15 1 55 6 4
15 2862 2 2888 9 3
26 2690 8 2742 6 9
34 1436 3 1510 15 3
38 2437 7 2511 12 5
23 7 9 51 11 10
33 2057 5 2124 3 9
29 841 7 903 10 11
21 417 9 464 11 3
32 2960 5 3029 12 1
28 1854 4 1911 3 3
20 1612 9 1646 13 4
14 1983 7 2012 3 6
32 157 2 224 11 10
30 2568 5 2637 8 9
26 721 4 766 13 11
16 975 7 1003 7 8
22 2094 8 2139 15 11
21 1072 2 1115 13 7
19 2205 8 2237 9 11
19 1310 6 1349 13 10
21 1656 9 1701 6 4
26 2917 6 2976 9 7
35 743 9 809 6 9
31 847 2 899 9 1
24 18 1 69 11 9
25 950 3 1005 11 5
20 1960 2 1994 7 1
30 2348 6 2400 9 11
34 2441 9 2519 8 2
25 719 2 773 11 10
49 1766 3 1861 14 2
19 42 5 79 14 2
27 1563 1 1609 14 10
25 2116 4 2169 8 8
23 1160 2 1203 10 6
21 2585 2 2624 10 4
33 2061 4 2119 3 2
23 402 5 453 9 1
39 2902 1 2979 1 3
16 2708 8 2735 9 6
18 625 7 662 5 8
19 945 2 983 11 8
37 2625 6 2702 2 2
25 2251 9 2297 15 7
29 2076 8 2139 12 10
32 300 1 357 8 6
22 1893 6 1934 15 2
22 102 9 139 2 1
23 212 6 260 1 7
33 2991 5 3052 15 2
35 2925 1 2992 10 2
25 1707 2 1749 3 6
14 1948 5 1972 7 10
21 429 3 473 4 4
19 2741 8 2780 4 7
26 892 3 944 12 9
27 2926 5 2985 7 11
28 329 7 382 2 1
34 1063 3 1123 14 9
20 184 9 226 14 8
38 2970 2 3044 12 9
22 760 6 805 4 2
38 541 8 627 7 11
28 1550 8 1613 2 5
24 2260 9 2308 12 9
28 617 7 672 15 6
21 1449 6 1490 15 5
20 2705 4 2749 14 4
27 787 6 843 3 9
29 883 4 941 15 10
19 801 9 841 5 6
25 1832 2 1882 1 5
23 2235 5 2286 10 10
25 166 7 218 11 10
26 529 4 586 2 7
19 1120 5 1161 1 6
27 1520 7 1579 1 10
18 739 5 774 11 1
19 2516 5 2557 15 4
20 822 2 867 5 9
25 83 7 129 13 5
18 2673 1 2714 3 11
35 1079 9 1156 7 9
17 2180 1 2210 1 4
25 336 3 391 5 5
12 2112 8 2134 7 3
17 1371 9 1408 3 9
22 114 8 161 6 4
36 1424 3 1501 8 11
17 2839 8 2872 14 3
30 3016 1 3082 15 9
29 925 8 981 4 6
26 265 7 312 14 3
26 1500 4 1546 11 3
23 971 4 1016 1 11
28 255 7 314 1 4
16 55 3 85 15 10
25 678 3 735 14 7
16 2572 9 2604 1 5
26 1789 8 1836 12 7
19 2543 7 2581 11 11
20 2868 6 2904 4 11
26 3005 8 3051 12 10
16 2669 7 2703 6 11
32 2358 8 2426 2 10
32 2380 5 2434 1 1
19 3012 4 3048 9 3
30 2256 9 2308 11 5
27 2141 7 2193 5 9
23 2527 8 2577 10 1
34 1975 7 2047 8 1
19 889 5 922 11 2
24 967 8 1021 11 7
30 2549 4 2602 10 11
21 2629 3 2671 5 7
32 588 9 656 12 9
29 953 6 1002 14 5
27 1866 7 1927 10 6
41 21 8 91 1 2
36 2400 9 2462 13 11
23 1702 8 1742 15 1
25 2776 7 2824 15 10
24 2874 6 2915 10 1
26 182 6 238 12 3
25 1162 1 1204 6 10
31 492 6 553 9 5
26 607 4 653 6 5
25 1865 5 1911 3 2
24 1644 7 1690 8 2
36 2168 8 2233 5 10
45 1661 7 1738 10 11
19 2555 4 2591 8 4
32 2821 3 2894 2 7
28 2965 9 3023 13 1
34 965 7 1029 1 8
15 2815 4 2846 6 2
27 2193 1 2241 1 3
20 373 6 411 4 5
25 564 6 609 9 5
17 293 2 326 10 6
27 1290 4 1338 1 9
24 2006 7 2054 13 8
29 2780 3 2833 6 10
29 2613 1 2675 9 6
31 733 4 788 10 9
36 452 2 529 10 9
32 2562 1 2628 10 8
19 544 6 582 9 8
32 1785 8 1852 11 11
36 1818 4 1891 2 10
29 1807 7 1857 7 11
39 75 6 163 6 2
16 583 2 611 13 1
21 2287 5 2331 8 5
18 2145 4 2181 5 9
19 3027 2 3070 4 2
31 2903 2 2964 13 2
26 1000 7 1048 8 4
27 2176 6 2237 6 5
41 1250 9 1319 1 2
31 121 5 187 6 7
27 65 1 115 3 7
25 640 1 690 11 5
25 585 4 631 15 3
19 788 9 821 14 4
36 2595 7 2668 7 6
14 283 6 311 11 5
29 1605 7 1654 9 4
28 1710 3 1761 10 5
27 2024 2 2084 11 11
33 420 3 486 12 5
23 656 7 703 9 7
42 2084 7 2154 13 2
30 1298 9 1354 6 9
34 286 3 350 13 5
33 2424 5 2500 15 8
35 1242 6 1314 1 10
24 1522 2 1564 11 7
30 3044 1 3110 15 7
18 439 6 473 9 9
24 1954 4 2006 6 6
35 1977 1 2047 2 10
30 2012 8 2067 3 7
26 989 4 1038 6 11
19 1052 3 1085 13 4
21 118 9 161 1 1
17 1723 7 1760 8 10
30 1796 1 1858 1 10
22 2356 2 2400 13 10
41 2451 6 2535 4 3
21 1183 4 1221 4 3
23 463 2 509 1 7
18 2227 2 2261 6 10
26 3006 5 3055 2 5
30 2166 6 2222 6 1
21 1900 9 1948 3 1
25 726 3 775 1 4
19 106 9 143 3 1
31 532 6 599 12 11
19 729 8 768 4 7
26 2691 3 2745 14 8
41 1071 1 1157 2 9
25 1282 4 1335 3 4
21 2041 1 2080 6 4
31 2919 7 2976 12 6
24 888 2 931 6 5
41 51 3 120 5 3
30 473 8 530 12 4
19 704 9 743 3 10
34 495 3 564 13 7
25 1909 9 1953 14 7
33 2704 3 2759 8 1
24 397 2 445 9 8
22 1576 1 1623 13 1
23 176 4 223 6 4
25 252 7 308 14 1
22 896 3 941 3 5
16 571 1 606 1 4
15 1155 3 1181 2 4
26 1362 7 1415 6 4
31 730 1 797 1 3
29 2733 2 2792 10 9
23 2892 7 2932 1 11
25 2045 7 2093 7 1
16 1242 4 1269 9 4
35 1758 9 1817 2 11
38 1774 6 1839 8 8
21 2271 4 2310 7 4
26 173 5 223 13 6
15 1178 6 1212 13 2
30 471 9 536 14 5
31 1630 5 1688 8 11
28 379 9 436 8 5
18 2267 5 2297 6 5
35 703 3 775 15 1
39 2979 7 3047 14 2
23 2203 2 2252 15 7
19 1536 7 1568 11 7
17 1419 8 1457 12 8
25 628 2 681 15 10
38 2283 1 2355 12 6
27 2523 9 2577 12 1
21 2646 3 2686 9 9
23 1326 5 1372 12 7
26 875 4 924 9 5
13 1320 9 1346 14 2
28 1574 6 1630 2 7
23 87 5 130 3 4
18 1635 4 1671 1 10
19 449 8 488 15 7
27 1046 5 1105 8 1
17 278 7 309 1 9
27 2243 4 2301 9 7
26 1422 9 1475 11 7
20 2467 1 2504 12 2
32 370 3 440 2 3
38 2035 6 2109 14 2
35 593 7 665 2 6
20 1883 7 1925 7 10
21 2716 7 2760 4 4
25 2480 5 2527 7 4
16 613 7 647 4 4
27 707 5 758 8 3
17 539 4 574 14 6
20 908 7 951 3 9
21 1096 8 1141 15 2
41 1715 2 1798 6 4
34 2515 9 2575 14 6
32 2948 6 3016 8 6
36 980 7 1060 5 5
29 2361 6 2422 4 10
16 2807 8 2842 3 6
21 580 7 617 11 2
26 77 2 133 13 6
24 252 1 306 4 1
33 2974 9 3050 2 6
25 376 5 422 5 9
33 1509 7 1566 15 6
15 1118 7 1144 3 3
26 3033 7 3079 1 10
21 179 3 226 11 6
46 2875 3 2972 14 8
29 1488 8 1545 6 1
34 2975 8 3046 8 10
18 340 4 373 7 1
34 215 7 291 13 2
29 2865 8 2928 1 4
24 1993 7 2044 9 4
31 1296 9 1358 12 9
15 345 7 373 7 2
25 1065 7 1122 9 8
24 1367 7 1420 14 3
