39 227 7 296 9 5
25 583 2 632 4 10
17 380 5 412 3 9
37 172 4 245 14 6
44 351 9 441 13 1
27 287 9 342 8 1
17 332 5 363 1 4
33 339 5 414 11 5
32 513 9 583 12 7
24 108 7 163 11 11
20 416 8 458 7 11
33 54 7 109 13 1
35 238 5 318 5 1
32 36 6 95 6 2
39 553 8 640 6 9
20 327 2 365 7 9
15 4 5 30 2 7
23 250 2 301 10 6
42 345 5 430 6 4
30 146 5 202 15 3
21 282 1 323 2 7
26 408 2 464 5 1
25 422 7 468 15 10
27 246 5 301 15 10
17 394 7 427 12 6
34 424 6 502 8 8
39 490 8 575 8 3
24 256 9 305 9 6
26 363 8 413 6 1
28 501 9 549 4 8
32 566 8 624 5 3
14 465 9 492 6 3
19 404 1 443 1 2
15 411 8 444 12 4
26 469 2 521 6 10
23 8 9 56 14 5
24 232 9 276 14 7
30 223 9 284 8 7
35 375 6 439 12 5
19 448 9 482 3 1
14 518 1 545 10 3
38 135 9 199 10 9
26 300 9 358 3 8
20 90 5 124 6 1
25 211 6 258 4 2
25 49 5 97 15 10
24 311 8 361 12 2
24 85 8 134 14 6
20 184 5 225 10 6
29 259 1 324 13 9
27 365 8 411 4 3
13 485 3 507 9 5
29 349 4 402 15 8
30 79 4 135 15 9
20 315 4 359 14 1
22 132 3 170 6 11
27 174 1 220 7 3
28 40 2 97 5 2
33 401 1 472 9 1
33 236 7 312 6 3
16 123 5 158 9 6
38 440 9 512 13 10
25 24 5 74 8 5
31 512 2 566 13 11
22 96 9 140 14 2
17 479 9 517 12 10
29 451 1 506 9 2
19 33 2 69 8 5
31 112 4 176 15 10
33 228 1 285 1 5
40 23 1 112 5 3
27 355 9 402 14 4
29 346 9 395 10 4
32 125 2 185 13 2
28 73 2 134 14 1
16 581 7 614 15 8
32 378 4 451 4 5
24 27 6 68 3 11
33 432 2 505 5 3
16 11 4 42 15 7
14 453 6 477 8 2
16 194 5 224 10 7
19 221 6 262 9 9
29 175 7 235 10 1
34 44 1 113 8 6
31 100 9 164 3 6
15 177 4 204 6 6
27 475 4 526 11 9
40 533 3 603 1 5
23 281 7 332 2 4
34 283 7 361 12 9
27 116 4 173 15 8
25 403 5 449 4 6
18 497 5 529 11 9
28 270 5 327 9 11
32 96 9 151 9 4
36 542 9 602 7 5
25 530 9 579 12 8
47 507 2 603 6 9
22 525 4 575 7 2
21 150 3 198 15 4
12 568 9 590 10 7
37 578 2 654 3 6
17 156 6 192 12 3
37 400 6 473 11 5
34 322 8 396 1 4
24 188 4 230 13 3
35 600 1 679 6 9
34 199 8 266 12 6
31 266 1 330 14 11
34 198 5 259 1 3
12 357 1 379 5 8
22 562 4 601 4 7
26 168 6 225 2 8
26 61 5 110 1 10
23 488 5 527 15 8
21 65 2 112 10 5
44 314 8 407 5 8
29 319 4 370 3 7
21 30 2 71 8 4
18 141 7 180 4 8
36 385 6 445 1 7
24 295 5 349 9 7
29 309 1 372 4 9
19 159 4 197 9 8
27 373 4 428 14 2
31 480 3 538 3 5
23 516 3 560 12 7
35 574 6 634 7 2
27 329 1 379 3 9
24 272 2 317 7 10
30 469 9 527 3 11
26 429 6 473 14 7
39 107 7 173 7 9
18 163 2 202 1 6
21 305 4 348 12 7
30 590 3 654 9 2
26 537 6 590 5 8
38 313 8 385 14 3
22 378 5 424 8 11
19 528 1 566 5 11
32 554 9 616 15 2
31 522 4 576 10 8
20 182 9 223 15 2
25 218 5 266 11 4
23 203 3 254 3 11
35 493 5 573 5 6
30 176 2 240 2 7
38 54 4 131 8 3
35 482 9 561 5 6
19 82 3 125 3 11
26 397 4 449 7 3
35 538 3 609 14 10
38 456 9 542 2 4
30 16 9 73 7 5
15 209 2 235 8 1
34 289 7 349 12 7
17 342 8 377 10 6
29 32 3 94 5 11
19 336 9 374 6 9
15 112 4 138 8 1
35 545 6 608 9 10
27 597 8 653 14 6
36 35 4 98 6 7
36 573 7 653 2 11
21 445 6 493 8 8
27 107 4 152 6 4
10 561 2 579 7 2
24 555 5 599 3 10
16 162 8 196 14 11
22 467 1 515 8 3
24 369 9 424 1 6
38 420 9 494 3 9
25 241 6 285 2 7
27 148 2 196 9 6
20 477 4 512 8 6
16 186 6 220 4 3
31 69 5 137 3 8
17 484 7 520 12 5
22 277 9 325 4 3
34 139 3 203 9 10
21 152 1 192 7 10
20 297 6 337 7 1
21 568 6 605 11 11
38 464 9 530 2 4
42 274 8 354 15 1
22 462 6 508 1 5
18 391 9 421 9 9
38 191 3 271 5 1
18 37 5 70 14 11
20 387 5 425 1 3
39 550 3 623 2 7
25 579 7 636 6 10
42 19 1 116 13 7
23 70 7 121 10 6
39 121 9 188 10 9
32 335 3 404 12 3
31 443 5 500 3 11
26 456 1 500 9 1
42 460 7 551 12 11
