44 81 8 175 7 9
24 71 2 119 9 9
34 48 3 108 4 6
27 107 2 169 8 9
22 57 3 101 10 11
15 111 7 143 12 7
23 58 9 110 6 7
32 131 7 191 11 6
24 28 7 71 15 5
34 126 7 188 13 6
29 46 5 109 6 9
48 137 1 238 12 5
19 8 9 51 7 5
23 42 7 86 11 4
15 84 6 118 15 7
24 135 2 185 10 10
18 129 6 170 10 5
22 78 9 122 10 11
30 145 4 214 2 10
19 21 4 61 9 8
21 121 5 161 9 6
20 10 9 45 3 2
43 143 6 221 13 3
13 54 6 79 2 9
22 118 9 163 13 8
26 65 1 118 6 3
22 26 5 74 4 5
14 38 3 64 2 10
25 73 1 119 2 8
23 120 6 160 3 10
24 36 8 80 4 3
12 16 7 41 5 7
28 68 9 126 2 4
19 121 9 163 8 8
21 29 7 66 12 1
29 103 5 169 10 10
30 95 3 146 10 10
20 137 5 181 12 2
22 122 4 159 3 5
19 6 5 45 2 10
22 54 7 94 11 8
30 66 9 134 5 5
32 62 3 116 9 7
27 33 7 83 13 7
33 87 9 151 11 1
19 101 2 133 5 1
23 92 9 138 8 11
21 54 8 101 15 2
43 23 1 121 11 1
21 99 3 137 9 4
