19 81 8 122 8 1
27 110 6 165 2 3
29 89 5 142 15 7
28 92 6 148 7 1
26 84 5 130 11 5
47 71 5 178 6 4
16 59 4 89 8 7
29 145 6 202 9 10
31 155 4 211 9 6
27 160 5 207 3 11
25 125 3 180 10 4
15 178 5 205 3 5
29 38 6 95 14 4
28 63 7 123 8 10
21 150 3 195 13 2
16 177 9 209 14 2
22 35 4 80 3 3
23 140 9 183 3 7
22 182 8 227 10 11
27 196 6 245 9 4
26 159 9 205 6 8
27 114 3 169 13 4
31 173 4 232 12 8
25 197 4 240 8 7
28 139 3 195 10 8
23 100 4 143 2 5
33 96 8 162 11 5
24 164 6 205 1 7
10 18 7 40 3 10
25 107 1 155 7 1
26 73 6 132 7 2
23 103 3 142 14 7
28 148 9 207 15 5
23 67 1 107 7 11
30 51 4 117 10 10
26 29 4 84 15 6
24 31 2 80 6 6
20 136 8 175 8 11
21 16 5 62 4 10
16 198 3 226 1 2
19 7 2 47 11 6
28 48 6 108 8 8
51 56 5 156 3 2
20 134 6 176 13 3
18 170 1 207 7 6
23 97 3 142 12 8
26 184 4 230 7 9
27 121 9 168 12 2
26 187 6 240 1 5
29 86 6 144 3 4
16 1 1 34 4 10
27 13 7 63 14 11
33 76 1 138 10 2
14 104 7 128 14 1
23 191 1 238 2 10
31 157 9 214 9 5
24 128 2 180 9 5
28 132 3 181 4 4
19 93 3 126 12 5
38 179 3 244 12 4
20 113 3 148 8 2
21 115 9 157 2 1
39 157 9 238 4 7
19 20 8 54 13 4
25 26 8 81 2 4
27 107 8 153 9 11
26 7 5 66 12 4
22 42 5 80 5 5
17 54 2 90 3 11
16 147 9 183 6 1
