31 676 8 740 6 11
22 987 4 1028 9 10
14 1472 2 1497 10 5
36 2036 6 2098 12 11
34 2149 5 2206 7 4
23 332 1 378 6 11
28 302 8 360 13 2
35 1607 5 1674 9 6
20 79 2 114 13 4
26 1565 1 1619 4 1
25 1413 4 1469 10 11
22 1272 5 1309 13 8
21 514 1 552 2 5
32 1103 7 1164 14 5
24 849 4 902 13 8
30 1820 2 1880 11 8
23 2084 4 2130 7 8
14 1013 3 1037 6 11
30 1645 5 1704 12 5
28 794 7 849 15 5
18 579 5 609 10 11
45 1580 9 1681 12 11
26 888 7 932 12 11
24 134 7 188 2 5
28 950 2 1007 10 1
20 372 3 407 6 5
31 1682 2 1747 10 5
23 1754 2 1793 14 8
24 731 1 783 3 8
40 1906 1 1988 15 1
24 2091 6 2132 3 11
22 1749 6 1787 3 6
18 1425 2 1457 8 5
22 2047 9 2094 8 8
23 151 6 201 6 1
24 1583 6 1629 6 3
29 2145 5 2205 9 1
23 1946 6 1985 13 8
39 1516 3 1593 12 7
21 2116 7 2157 7 10
23 1088 7 1132 3 10
23 1084 6 1133 10 6
33 1260 5 1319 14 4
32 2197 5 2266 5 6
26 1321 4 1375 5 1
27 1025 5 1084 6 2
16 2066 1 2101 3 2
24 821 9 863 1 11
28 266 4 317 1 9
31 408 3 464 11 4
30 196 4 255 12 8
31 309 4 371 1 9
14 1551 8 1581 8 9
35 577 6 655 3 9
26 2205 2 2261 1 6
39 2050 5 2140 6 3
30 1124 7 1181 4 5
36 1988 6 2054 14 3
17 1385 3 1422 7 6
22 541 6 589 4 1
24 1531 2 1575 3 11
32 2168 3 2238 12 2
17 1817 2 1849 2 5
32 1528 8 1592 11 7
38 2181 8 2260 8 5
21 362 3 406 7 8
39 983 2 1049 8 1
17 1163 5 1192 7 11
14 2152 3 2181 13 6
23 1661 6 1707 8 7
25 1755 5 1812 10 7
16 1198 6 1228 6 11
24 51 2 103 6 7
31 1200 5 1263 13 1
39 409 4 492 6 7
34 263 4 326 4 4
30 1807 3 1859 12 4
16 629 5 665 13 7
38 1391 8 1468 3 5
23 1847 6 1886 5 10
28 2171 1 2224 9 1
24 1927 3 1982 10 11
20 1021 9 1066 9 9
21 1988 8 2033 14 2
27 1214 9 1267 10 10
25 1366 5 1411 8 2
19 847 4 888 11 4
17 1914 1 1944 10 1
24 1822 6 1863 5 3
40 570 4 644 10 2
41 2104 8 2189 9 8
32 1048 7 1109 4 4
45 967 9 1053 2 5
24 840 9 881 5 4
30 1185 1 1253 1 1
33 2057 8 2120 4 7
20 1548 9 1591 6 2
27 625 6 685 12 7
19 1042 2 1080 4 6
15 2216 1 2241 13 5
20 1237 9 1272 7 2
23 505 9 556 8 3
20 191 1 232 4 8
26 1894 9 1940 15 8
22 2021 7 2061 6 6
33 2160 9 2227 15 11
31 1576 7 1637 3 8
31 468 1 524 12 4
24 1057 2 1110 4 1
22 2093 4 2133 13 6
33 2024 9 2094 7 7
19 1651 9 1692 1 11
36 943 7 1015 3 6
16 1507 4 1538 15 1
20 1286 9 1323 1 4
27 1461 7 1522 2 2
14 1329 8 1353 15 8
25 1584 2 1638 8 8
44 652 1 745 10 10
21 308 1 351 9 10
35 160 9 229 10 10
16 1923 2 1953 1 9
20 980 6 1022 6 9
24 1422 2 1463 14 11
34 362 2 422 7 10
25 959 6 1010 4 11
33 2042 9 2112 8 1
43 1234 2 1315 15 6
26 1822 5 1877 6 5
24 1840 6 1882 3 2
32 461 7 521 13 6
24 482 9 524 9 4
27 1349 4 1398 13 6
35 1637 7 1705 2 3
35 1091 8 1171 6 9
31 1245 1 1307 10 7
14 1319 9 1344 14 7
26 1018 1 1074 3 9
40 1256 1 1340 1 9
21 2019 5 2056 4 11
31 917 8 971 12 7
14 1899 3 1927 6 8
36 1903 5 1981 14 10
18 97 1 134 1 4
36 1030 2 1092 12 6
38 1052 2 1122 10 7
23 1302 4 1344 10 7
34 688 8 752 10 5
31 478 3 542 3 5
28 1685 3 1737 5 7
17 1684 3 1722 4 2
18 1860 6 1896 2 2
22 1949 4 1986 12 9
23 1065 2 1116 6 2
29 782 8 832 14 6
18 1614 2 1651 15 3
47 88 5 193 14 4
18 2088 3 2126 3 9
18 891 4 922 4 2
29 2033 2 2082 7 3
17 695 1 726 3 11
22 673 5 712 7 10
19 966 8 998 6 6
21 223 5 271 7 9
23 1854 3 1905 3 1
30 1160 5 1228 14 8
22 636 7 676 1 10
38 999 3 1065 12 4
19 1276 4 1317 14 10
35 1352 1 1426 10 1
18 439 7 471 2 11
20 564 3 605 9 2
39 1905 6 1971 12 9
20 326 5 367 6 9
23 1989 6 2039 1 2
15 1481 4 1511 1 5
23 721 4 772 1 3
24 1356 5 1397 1 4
31 1497 6 1568 11 2
23 974 3 1018 3 10
17 1920 9 1952 13 5
31 1499 9 1553 3 11
26 1201 4 1257 4 2
20 39 2 74 2 9
36 919 1 993 5 10
16 2052 7 2083 8 9
22 1436 9 1484 8 3
24 379 5 431 7 1
26 1344 7 1394 12 4
24 1254 8 1301 2 6
12 1635 4 1660 1 9
20 344 1 389 12 3
19 1618 6 1653 1 5
23 855 4 904 14 1
28 187 1 251 8 4
36 1833 4 1902 11 10
17 657 6 691 5 4
26 1292 2 1348 12 9
44 417 8 512 8 3
32 739 1 802 10 6
46 565 5 653 11 11
23 749 7 792 2 7
31 149 5 212 12 7
18 1058 5 1097 14 6
25 1217 7 1272 5 11
29 252 2 318 9 8
19 1232 8 1271 9 4
30 1373 5 1429 8 4
37 1368 5 1441 3 6
14 27 3 57 5 4
17 228 4 266 12 8
32 665 3 719 10 6
47 1964 9 2055 15 7
32 1891 4 1961 2 9
28 2111 4 2163 10 7
29 1799 1 1850 3 2
26 1240 1 1298 5 9
35 705 2 769 1 1
30 1648 4 1712 9 3
29 1936 8 1995 9 11
14 542 1 571 11 3
40 2004 4 2071 14 7
14 1254 7 1283 14 5
18 1950 9 1982 10 9
23 956 4 1007 11 3
41 997 8 1074 4 2
22 148 7 197 12 1
15 902 4 936 5 11
31 929 7 991 8 6
32 31 2 96 3 7
17 945 4 978 11 2
23 1995 3 2035 3 8
15 2133 4 2165 3 2
21 1925 1 1968 11 11
38 389 5 475 11 10
30 1863 5 1917 5 1
25 1006 9 1053 14 4
28 2059 5 2122 7 3
20 498 7 536 14 11
23 1933 7 1981 14 4
29 1307 8 1361 8 2
30 2196 6 2255 4 3
23 1857 2 1900 13 1
36 1533 4 1595 8 4
20 1985 5 2020 4 4
20 1538 1 1574 8 8
22 1973 3 2021 14 6
32 934 2 994 10 7
28 397 9 448 15 10
19 990 4 1024 12 5
24 1346 2 1388 11 1
16 162 2 191 15 7
24 833 2 884 9 10
43 112 5 202 5 10
27 1536 8 1597 2 11
24 1571 6 1622 10 4
16 882 7 912 4 6
36 1830 3 1895 13 1
18 1698 7 1738 3 9
22 576 8 614 7 4
24 1764 9 1812 5 3
24 697 1 739 13 11
20 1432 4 1473 14 10
28 465 5 521 14 4
24 1087 2 1132 7 3
17 2041 9 2076 7 1
43 547 1 634 15 7
15 1973 5 2005 13 7
35 1130 9 1201 10 6
30 490 6 553 3 5
17 1370 3 1406 13 10
19 260 4 301 6 9
16 448 3 480 2 4
21 1699 9 1746 4 1
17 430 2 468 5 2
32 1168 7 1226 8 4
20 410 5 454 3 7
21 813 8 848 12 2
29 713 9 776 4 3
30 1379 4 1430 9 11
24 534 3 578 13 5
30 1561 2 1629 13 9
21 1097 8 1139 15 1
26 1436 4 1489 15 7
23 1842 7 1885 2 5
31 452 1 516 8 3
26 1827 1 1874 14 2
18 1171 8 1205 10 9
30 1479 2 1529 2 9
27 2070 6 2126 1 4
19 1710 9 1752 1 2
26 902 7 959 14 2
39 770 2 854 10 10
34 1911 7 1981 5 4
20 837 2 873 13 9
31 209 8 273 1 5
40 556 5 643 7 11
16 557 2 586 6 5
25 1669 3 1712 4 7
15 1956 4 1983 13 4
22 33 1 83 7 6
21 1475 6 1520 12 5
25 1656 5 1713 1 3
36 810 5 891 8 10
17 1189 8 1225 2 6
18 1781 3 1814 15 4
36 1224 7 1293 10 7
32 16 7 79 7 9
41 1631 5 1711 3 11
43 629 5 701 15 8
31 670 4 722 4 9
23 755 4 798 1 11
21 1354 6 1400 13 8
32 1637 2 1710 7 6
18 358 5 388 10 6
31 1147 7 1216 3 1
32 2163 5 2232 8 5
21 1258 5 1300 6 4
17 177 6 215 12 7
23 475 6 518 6 5
20 346 5 380 8 7
29 1721 3 1778 7 11
19 1387 6 1430 6 11
18 1667 2 1698 8 10
24 506 6 551 13 4
28 853 7 916 11 7
32 400 3 459 10 3
23 1704 5 1755 7 6
13 1005 8 1027 15 7
22 122 9 169 7 11
34 805 8 882 5 1
50 225 1 340 4 10
30 1135 2 1187 1 11
27 1110 1 1156 6 9
30 2174 6 2225 4 3
24 1460 2 1502 14 2
16 76 4 105 15 6
15 816 4 848 15 3
14 510 1 534 15 4
28 1878 1 1927 8 5
31 1470 9 1534 13 2
38 1811 9 1891 12 6
23 1583 4 1625 9 2
31 240 5 301 1 10
24 1804 5 1853 2 4
26 797 8 841 8 10
17 864 2 894 13 7
26 1283 3 1337 3 5
22 1731 3 1772 15 7
27 1383 2 1442 2 1
24 446 6 496 11 7
31 1341 6 1406 8 5
26 102 1 149 2 10
19 441 7 477 4 7
28 1066 4 1118 15 3
36 213 6 277 11 2
27 1076 8 1134 11 10
18 1802 8 1841 2 6
30 702 4 758 11 2
21 100 3 140 3 9
20 2095 4 2140 1 3
46 376 2 464 15 9
37 2099 8 2184 4 8
33 1115 4 1179 2 2
44 266 9 343 4 8
18 638 8 671 14 1
18 1781 6 1811 6 1
17 299 9 331 12 10
28 221 7 279 14 10
17 2034 7 2063 2 8
38 598 8 684 5 8
27 1991 8 2053 9 3
21 462 9 509 3 1
15 690 6 717 3 11
36 179 3 247 12 3
18 202 8 239 9 5
39 1155 6 1223 11 8
37 849 1 912 5 10
22 2122 9 2160 5 1
27 938 5 998 7 11
28 1169 5 1229 9 1
26 1942 7 1992 15 11
33 2136 6 2212 9 1
32 17 4 78 15 5
28 1452 1 1514 13 7
23 181 2 224 5 1
24 549 5 594 6 1
25 1670 4 1714 3 5
34 1062 6 1119 4 7
28 1711 9 1769 8 10
28 435 7 488 14 1
22 1256 1 1296 15 6
25 1873 7 1929 4 4
23 1910 7 1962 5 4
54 257 4 358 1 1
16 1410 9 1442 5 6
34 9 2 78 10 8
18 693 4 729 11 1
30 275 2 333 5 10
19 613 8 651 10 8
37 1347 4 1428 2 9
33 322 1 385 12 3
44 57 7 136 10 10
35 2011 2 2080 3 6
18 1606 2 1644 11 1
27 1929 1 1974 14 1
39 45 4 124 11 1
25 930 4 982 6 7
18 1527 4 1559 3 5
32 1619 2 1678 9 8
34 1099 4 1157 12 9
19 232 7 265 14 5
29 401 5 467 10 7
17 842 7 874 4 10
20 411 9 447 12 6
33 2159 1 2227 4 10
27 2106 3 2154 12 11
13 486 1 513 2 10
25 1643 9 1686 3 8
19 1869 9 1909 13 11
39 2190 2 2271 10 11
27 1484 2 1538 9 2
59 384 9 520 4 1
16 1404 4 1432 7 6
24 682 8 736 13 11
20 831 1 876 1 10
33 1281 6 1344 7 8
37 767 4 839 7 6
34 1151 7 1210 9 6
21 1658 5 1701 6 1
20 1854 9 1895 13 1
33 1745 3 1817 11 7
23 173 9 223 9 4
46 2058 4 2142 15 7
21 121 4 165 1 8
31 412 1 467 9 4
16 1249 2 1282 6 6
33 954 9 1030 5 2
17 1418 6 1454 4 10
22 71 4 112 14 9
23 1143 5 1184 7 5
17 94 4 125 10 8
30 1395 1 1458 2 6
29 869 8 930 12 7
21 633 8 670 7 8
30 1834 8 1885 9 7
31 1812 5 1871 6 5
27 1707 8 1755 3 3
37 395 7 467 8 7
19 1182 7 1218 5 8
27 129 2 179 12 9
18 977 5 1015 2 5
22 1289 2 1328 11 5
18 2201 8 2235 7 3
26 1195 2 1239 4 7
27 1478 6 1535 4 6
30 1176 1 1229 1 4
27 1509 9 1561 10 1
22 1829 2 1868 15 6
32 1236 1 1295 10 6
18 1398 2 1433 14 11
23 846 3 890 13 4
19 1393 1 1436 5 2
25 807 8 861 10 8
33 2133 2 2199 6 3
37 31 8 93 12 6
39 81 5 149 13 9
44 56 8 140 1 1
20 1009 4 1049 5 10
26 2053 5 2100 14 5
28 1292 3 1340 15 9
15 1318 4 1349 2 7
15 1691 9 1724 12 11
34 540 7 618 6 7
29 973 8 1026 4 3
11 525 9 549 13 1
28 1447 7 1506 5 2
27 1208 3 1259 9 9
16 426 5 459 5 7
17 904 3 937 15 11
21 60 2 104 6 1
30 1780 8 1832 6 11
29 1255 4 1320 13 10
22 360 9 406 5 9
22 1441 5 1484 6 6
18 2141 9 2178 7 5
28 154 2 214 12 7
21 109 2 147 8 1
23 1718 1 1770 6 9
33 925 8 982 7 8
21 946 9 987 15 9
17 268 6 300 3 5
23 2210 2 2255 15 8
35 1426 3 1489 15 4
20 1556 7 1596 2 6
37 1592 8 1663 13 5
12 3 5 24 1 1
23 471 2 523 14 5
35 639 5 717 11 3
27 1884 3 1932 1 2
18 64 4 104 10 2
35 2088 9 2167 1 2
25 73 7 124 4 11
27 1732 2 1787 13 8
18 1723 2 1761 4 9
31 1844 4 1911 8 8
22 1185 4 1225 6 3
33 715 1 777 7 10
30 1159 7 1219 8 4
21 801 8 841 4 9
16 389 9 419 13 8
26 2078 7 2126 1 1
39 513 7 587 9 4
18 1620 6 1651 10 4
30 1774 7 1836 4 8
30 1762 6 1828 2 4
22 1980 9 2026 12 1
25 1315 5 1359 11 7
25 1540 5 1592 5 11
20 1333 4 1376 7 5
33 15 6 87 5 11
23 1298 9 1348 10 10
21 718 3 759 3 10
12 745 8 769 6 5
27 761 4 809 4 2
27 85 3 133 7 4
26 1311 4 1355 11 11
15 860 7 888 8 9
29 1170 4 1230 6 8
35 1713 9 1783 10 2
28 1543 9 1605 9 3
19 2184 7 2220 3 3
19 836 6 874 5 6
26 1226 2 1280 12 2
36 914 6 982 14 6
34 737 7 808 13 6
25 446 1 498 1 6
18 242 8 282 9 6
39 447 4 517 12 4
28 1280 9 1331 6 10
27 619 3 675 6 8
29 1595 8 1645 1 11
21 2198 1 2235 12 1
22 716 5 765 9 8
28 495 4 557 11 7
20 1429 7 1466 5 7
28 876 4 923 11 3
40 605 4 676 15 1
31 935 6 992 14 8
29 477 7 540 15 6
23 786 7 838 13 5
38 421 7 489 15 7
29 763 8 822 13 10
29 169 8 225 15 11
33 583 1 643 11 4
33 872 9 948 2 3
30 280 1 336 7 2
28 1608 3 1667 8 2
26 1742 1 1791 11 5
28 690 9 753 2 11
15 1714 1 1747 3 7
18 1788 1 1819 4 9
18 1736 3 1770 11 7
16 752 8 780 1 3
25 571 5 617 2 8
25 664 1 709 8 7
28 312 4 370 10 4
16 355 4 382 4 3
17 728 7 765 3 10
27 880 8 931 8 7
32 146 3 204 10 4
15 1728 9 1754 6 3
22 1117 9 1161 1 6
30 1628 9 1679 3 7
19 773 4 810 7 4
21 2170 3 2206 12 7
31 1502 1 1558 13 2
21 1727 2 1762 6 10
24 136 1 176 7 11
20 1695 5 1732 7 4
27 2172 5 2223 4 2
32 1766 4 1827 1 4
23 484 1 530 7 6
22 1710 5 1753 9 4
12 2125 1 2152 6 7
28 1962 2 2016 11 3
35 1325 2 1387 8 8
39 92 1 170 15 6
30 156 5 208 3 9
36 1033 7 1101 7 8
29 1463 9 1527 1 2
20 2128 9 2162 3 4
21 2179 5 2214 13 3
23 500 7 551 6 4
18 1179 1 1219 1 4
18 1977 4 2013 1 1
30 1451 1 1503 6 7
29 2017 7 2066 12 6
23 678 7 728 12 4
19 1999 2 2038 7 11
31 1225 4 1280 11 11
29 1598 2 1654 8 6
39 13 4 99 5 10
33 645 8 717 11 9
26 2212 9 2258 4 8
28 911 3 965 9 5
23 1266 1 1318 9 7
22 1851 6 1898 4 4
30 1407 8 1461 9 3
16 642 8 669 1 4
33 1744 2 1820 7 9
17 534 3 572 4 4
30 610 4 661 7 11
33 253 3 321 14 9
27 1230 6 1283 8 5
21 1793 4 1830 12 8
28 2178 2 2238 12 11
12 589 7 609 6 5
26 1688 3 1739 2 3
21 1065 1 1111 3 9
20 1761 1 1797 14 3
25 48 8 99 8 5
31 529 4 595 12 3
45 1877 2 1970 8 10
21 1578 9 1618 2 6
35 1768 1 1836 7 5
18 2186 7 2216 8 2
19 1967 4 2010 9 2
34 1497 1 1574 13 10
25 2013 8 2062 11 2
33 273 9 336 13 5
20 1553 3 1595 12 4
28 1011 9 1072 4 2
33 778 2 843 1 9
26 28 6 76 12 8
23 1338 5 1387 11 2
15 735 7 761 11 10
16 1373 6 1406 9 6
21 1081 8 1119 15 1
30 535 2 599 12 9
27 994 4 1055 3 11
31 206 8 263 8 6
24 295 6 345 12 4
25 1759 5 1807 11 5
18 743 4 773 8 4
19 493 3 525 10 11
25 1689 3 1739 3 9
42 699 7 794 2 8
24 530 3 581 9 1
22 1069 1 1107 4 2
28 1880 9 1929 10 11
28 318 3 374 14 5
28 337 2 395 13 6
17 1958 1 1991 4 2
22 668 6 714 2 1
19 1107 2 1143 11 7
42 87 4 184 14 6
17 1513 1 1549 7 2
20 1676 7 1713 5 6
19 596 1 628 6 10
30 180 3 235 12 7
13 1221 5 1246 12 6
34 2027 5 2088 15 9
25 50 9 104 10 11
18 1489 2 1529 8 7
27 244 5 297 15 2
36 334 3 397 15 9
22 799 4 845 5 7
31 1392 6 1463 2 5
24 1771 4 1816 9 5
16 1262 9 1297 12 1
24 792 7 832 5 9
20 519 1 564 12 4
24 67 6 110 9 11
34 954 7 1026 9 5
21 1701 3 1742 4 11
34 1888 9 1953 2 2
42 653 5 736 1 2
22 775 3 817 3 5
29 897 8 954 8 4
18 283 4 315 7 8
16 246 5 281 12 9
20 1778 4 1814 6 5
32 211 8 275 6 3
28 728 4 781 9 10
31 1612 6 1681 12 10
32 271 3 338 14 11
24 522 7 570 12 5
28 1038 2 1090 14 9
30 852 9 903 15 8
14 909 7 935 5 7
30 54 2 106 10 9
26 290 8 347 6 7
23 1165 9 1205 4 10
34 586 2 659 3 9
31 131 4 202 5 8
14 361 5 389 3 3
26 166 7 222 12 10
27 419 9 466 15 7
15 1466 5 1494 5 8
28 1856 1 1912 8 4
18 90 9 122 5 3
19 757 8 794 9 7
35 1521 4 1589 11 2
23 236 2 278 3 3
20 341 4 382 14 7
23 1355 4 1402 3 10
23 899 9 944 11 1
20 1129 9 1174 3 3
25 1270 9 1317 11 6
22 933 7 981 5 6
23 1419 9 1458 13 6
33 1560 9 1619 12 4
37 329 6 406 12 6
25 36 6 80 14 6
30 2109 8 2161 1 5
27 1456 5 1501 4 8
23 2196 8 2243 3 10
23 1601 5 1646 12 10
18 1739 3 1777 2 2
13 1381 8 1406 7 5
21 1861 1 1897 4 8
32 349 8 421 2 8
24 528 4 582 4 2
15 218 6 245 13 5
38 707 5 776 14 8
28 306 7 366 2 4
21 1108 8 1151 14 6
24 2086 2 2136 4 3
22 924 2 974 2 11
20 558 1 596 1 3
18 22 1 63 12 9
20 1523 4 1557 14 1
28 366 4 420 10 2
28 1795 8 1858 13 1
36 1870 5 1952 13 8
25 473 8 530 10 5
14 1290 3 1315 9 11
24 2118 3 2164 6 9
22 75 4 113 14 8
40 2192 3 2266 6 1
13 1072 2 1099 4 1
30 1623 2 1684 6 6
26 1336 3 1390 3 5
25 926 1 979 4 2
29 560 3 613 8 4
19 459 3 494 12 11
34 1362 1 1432 15 11
40 660 8 738 1 4
26 1004 5 1058 15 9
