16 45 7 73 5 7
25 162 5 213 11 11
20 184 3 225 6 9
31 59 5 118 3 2
16 288 9 319 7 5
23 57 5 97 2 8
28 29 6 93 4 8
30 66 7 129 4 4
34 202 2 267 10 8
24 15 3 67 6 4
27 118 4 167 9 7
17 297 2 327 14 8
29 96 7 160 1 6
24 148 6 191 15 6
38 124 9 199 9 10
22 121 8 162 1 5
31 3 7 69 10 6
15 150 6 177 11 5
27 108 7 155 8 2
27 267 7 314 1 5
29 159 2 222 3 4
25 65 1 110 9 1
19 309 5 352 3 9
21 49 2 89 4 5
31 94 6 149 7 1
26 84 8 140 12 7
18 190 9 222 1 3
25 258 3 301 4 1
39 217 4 293 10 11
16 211 6 238 13 1
24 152 6 199 11 7
35 115 6 195 4 4
24 79 3 122 9 11
27 175 3 230 1 10
23 263 3 307 2 2
24 242 4 286 1 3
25 8 1 55 2 1
30 153 6 207 6 5
30 194 7 256 9 4
25 81 4 130 14 9
29 269 3 331 7 2
18 105 5 140 10 4
39 247 2 320 15 5
32 314 3 387 6 6
23 206 7 246 13 5
31 167 6 224 1 10
16 306 8 341 2 4
17 201 5 237 2 2
37 256 2 341 4 2
29 215 6 278 12 10
33 70 6 139 12 6
28 142 7 195 13 11
25 78 7 129 14 10
42 100 6 190 13 8
23 6 2 51 6 8
17 35 5 64 6 9
18 12 3 52 11 6
20 294 1 329 11 11
28 239 3 291 13 3
25 205 9 248 8 2
26 179 6 227 13 10
18 313 8 354 6 2
20 272 5 307 8 11
36 144 3 222 4 5
23 229 6 275 7 6
32 196 6 258 8 7
26 73 4 118 5 11
46 310 3 390 13 2
35 26 5 94 1 1
27 33 1 81 12 6
26 64 9 114 9 11
26 302 3 346 6 7
17 120 5 155 13 3
25 277 2 321 10 2
20 207 1 241 7 5
32 128 6 194 5 1
24 264 9 310 5 11
28 11 7 59 12 11
36 23 4 83 15 3
18 138 9 168 13 6
25 68 8 119 6 5
28 229 9 287 11 7
30 282 1 332 8 1
23 112 1 155 13 5
20 219 6 264 8 7
31 277 7 346 4 8
20 55 3 95 8 3
16 235 2 265 5 11
16 61 2 89 2 10
20 40 7 77 4 1
20 226 6 270 7 7
18 18 5 51 13 5
24 105 8 147 4 8
23 133 8 182 7 1
23 155 3 196 2 3
25 274 2 317 10 1
35 230 9 289 3 7
25 183 5 237 5 3
24 253 7 294 11 6
23 89 1 133 12 1
