23 355 9 407 7 2
43 109 8 200 15 3
30 372 9 431 1 3
18 61 2 92 3 6
30 55 7 122 10 10
21 348 1 385 5 2
37 218 3 291 13 2
18 181 2 217 10 10
10 130 3 147 11 6
27 112 8 158 7 8
37 40 1 123 13 7
30 401 4 467 7 1
19 272 6 312 4 9
23 128 8 169 13 8
24 158 4 207 1 8
33 104 6 171 10 8
28 263 1 313 8 2
28 333 5 397 5 4
22 327 3 377 1 1
24 70 3 110 14 8
26 359 6 413 7 3
29 131 1 197 5 7
27 436 9 481 1 8
31 218 2 282 9 1
40 122 2 204 14 1
18 292 7 327 7 3
38 287 3 353 15 2
15 153 9 179 15 9
37 101 1 174 13 10
38 257 7 326 10 5
32 375 8 433 6 9
32 386 6 449 12 1
35 45 6 107 12 4
36 321 8 401 3 2
16 312 2 343 8 5
27 406 7 459 3 11
29 94 9 151 15 11
23 52 9 91 14 6
21 383 9 422 8 2
36 239 8 321 14 8
35 425 5 501 13 7
32 306 2 367 4 3
39 261 5 330 9 2
39 1 8 83 15 10
31 433 9 486 15 5
15 37 4 66 3 4
15 276 6 305 7 9
21 192 3 235 10 1
20 292 3 331 2 7
31 36 2 100 6 4
24 197 3 239 12 1
28 231 5 284 6 6
17 95 6 128 8 6
31 224 4 295 14 4
29 81 4 144 11 10
21 372 2 419 13 4
23 414 4 461 10 7
28 149 1 212 9 1
32 19 4 77 4 3
37 253 7 320 10 9
19 189 7 227 7 8
34 110 7 169 13 10
31 4 3 62 15 7
34 115 2 189 3 10
18 236 7 275 3 3
20 154 3 190 15 1
20 343 5 384 3 9
22 68 1 107 8 6
36 335 1 397 15 10
24 56 4 108 9 5
22 142 2 181 15 1
38 294 8 373 1 4
26 390 3 434 8 9
20 64 2 109 1 5
18 221 5 256 3 8
14 330 8 357 1 9
20 238 7 280 8 8
23 96 1 137 3 2
39 364 8 429 3 7
16 411 1 439 2 6
22 302 8 346 6 2
30 275 7 339 8 3
21 86 7 122 15 2
31 118 9 187 13 9
27 267 3 320 15 4
30 201 5 258 15 5
28 25 8 89 11 11
36 23 2 86 7 9
27 6 3 59 12 5
29 431 4 496 15 3
24 10 5 59 11 10
26 358 5 403 12 1
39 267 4 341 7 1
32 257 1 323 9 8
28 20 3 80 12 5
17 418 3 456 4 1
25 300 3 348 8 11
22 140 2 190 4 5
31 92 3 147 9 9
29 22 1 76 9 3
14 179 5 203 15 1
29 164 2 226 11 10
17 278 2 314 10 10
16 122 4 151 10 4
22 187 6 236 3 2
30 233 2 286 7 8
19 316 3 348 13 8
13 114 3 138 13 11
25 12 3 56 4 1
32 193 5 254 1 1
20 145 8 184 14 9
38 285 3 367 4 6
26 421 3 474 3 3
15 397 7 429 15 1
36 27 6 92 4 1
22 393 1 443 10 5
16 199 3 230 11 3
31 206 7 267 12 11
12 176 7 198 1 4
27 126 4 179 4 9
30 78 6 142 3 11
28 410 1 473 5 11
27 323 5 377 12 10
28 340 3 388 10 5
30 226 6 295 12 9
21 380 9 426 9 9
25 414 6 461 5 5
21 248 9 295 12 8
19 173 1 212 11 7
34 48 9 117 1 2
27 140 6 201 4 8
19 162 9 199 6 9
34 136 5 207 3 1
24 52 1 102 14 10
30 184 6 243 15 6
25 349 8 396 8 11
21 34 2 72 6 7
21 212 7 253 12 5
25 397 1 444 1 9
26 298 9 351 6 9
25 156 5 198 3 5
42 74 8 149 13 1
24 30 6 81 4 1
39 87 2 156 10 6
19 269 8 311 13 1
20 150 3 192 3 4
21 368 6 403 9 3
37 171 3 244 13 6
21 108 2 151 6 11
20 238 8 283 8 11
