20 225 4 270 1 4
35 625 2 703 3 3
38 405 3 477 2 3
25 887 6 929 8 8
23 675 4 721 4 6
23 743 6 784 1 1
20 239 2 277 11 9
25 308 1 356 1 2
20 547 5 584 9 9
16 891 6 927 7 3
40 670 8 741 8 5
35 668 5 731 7 11
26 67 3 119 15 8
24 78 5 131 10 7
33 820 5 882 15 4
24 567 7 617 2 2
25 559 6 602 4 11
18 892 8 933 5 10
18 321 8 359 6 2
18 119 2 157 4 11
28 491 7 552 13 5
17 263 8 298 14 7
25 713 1 768 2 9
18 498 9 535 4 2
20 392 2 436 7 3
28 554 3 613 2 11
36 181 4 252 11 7
34 586 6 659 8 8
27 236 3 284 15 5
41 467 9 558 13 1
26 724 9 768 8 10
19 923 6 966 3 3
15 250 9 279 7 8
33 468 7 529 15 7
27 775 9 827 11 8
28 507 8 562 13 3
24 152 3 205 15 10
17 435 2 469 4 7
26 259 1 304 11 10
24 875 8 922 1 6
36 407 2 478 7 11
30 728 9 793 8 9
15 509 8 541 10 1
42 143 9 215 14 6
25 641 5 685 6 5
23 769 6 818 2 2
25 900 3 952 11 2
24 485 1 527 10 8
13 642 7 668 3 10
28 476 4 530 7 7
28 453 5 513 4 11
20 329 9 370 4 5
24 503 8 544 15 5
33 106 4 181 11 6
18 41 8 74 4 4
22 823 9 861 14 8
12 867 2 894 10 11
38 851 5 917 10 1
42 117 8 188 9 7
19 837 4 878 2 4
22 125 4 170 5 7
30 734 1 785 12 9
37 720 4 790 1 3
27 158 9 217 11 9
33 751 5 808 5 4
21 12 2 60 12 6
32 235 4 306 15 7
39 164 8 253 4 6
21 578 4 626 12 11
30 779 1 848 14 5
29 82 9 141 14 11
34 540 9 604 11 9
15 139 8 165 3 7
13 603 2 626 13 7
26 274 2 331 14 3
15 854 5 885 4 1
21 92 3 127 4 5
22 637 3 686 15 3
15 270 6 303 8 4
34 785 6 842 7 4
24 11 8 60 10 4
23 882 2 923 12 9
14 289 2 314 10 9
15 86 1 111 6 7
25 917 6 961 5 9
30 871 6 930 1 8
17 757 4 793 2 9
28 302 5 360 7 9
36 425 2 496 4 11
40 689 1 766 2 5
24 664 4 710 14 4
17 216 6 251 5 6
18 133 7 163 8 1
32 61 5 122 2 4
24 349 7 399 11 4
23 95 2 144 6 9
29 790 4 841 14 11
21 698 6 743 10 4
31 516 6 572 8 4
29 583 9 649 14 4
22 339 2 385 3 5
22 878 2 927 6 1
24 372 1 420 8 3
15 827 6 858 8 2
21 461 9 503 1 2
25 514 2 568 15 7
34 789 5 850 1 7
29 315 9 381 13 7
50 150 7 264 14 2
26 863 5 918 12 8
17 15 9 45 6 4
15 213 4 239 13 7
35 678 5 743 1 10
22 733 9 778 1 9
30 129 1 188 15 1
33 473 1 545 1 8
18 795 3 830 1 10
35 136 9 207 7 9
22 83 1 132 4 2
33 495 7 560 10 8
33 76 3 143 13 11
27 50 5 97 3 2
17 502 3 539 8 10
34 247 4 312 8 10
31 838 8 909 8 7
20 534 6 579 7 7
42 325 5 417 10 2
23 832 1 874 5 11
29 488 7 540 10 6
27 177 1 231 10 11
22 685 4 734 1 2
28 266 8 328 7 2
20 841 3 885 13 2
21 803 8 848 6 2
19 590 7 624 8 11
15 608 3 635 15 9
43 376 6 472 6 6
18 222 7 257 13 1
13 889 3 915 3 5
22 445 9 489 14 11
30 693 2 756 6 9
32 206 5 264 9 3
24 284 7 335 10 11
16 296 6 331 7 7
27 598 4 647 1 10
28 499 4 549 12 5
31 843 4 911 12 5
24 172 1 221 2 9
32 760 3 833 4 10
27 194 2 240 14 11
24 547 8 597 9 6
31 249 2 307 1 9
33 547 2 622 1 2
24 616 1 669 8 6
30 575 7 644 4 3
33 808 2 867 5 7
15 287 8 320 1 5
24 394 1 445 8 8
27 336 8 387 3 1
17 865 2 895 9 5
25 134 7 180 15 3
28 494 6 550 6 3
26 65 8 123 14 11
24 5 4 59 10 9
17 877 8 910 12 1
23 829 5 872 12 7
17 805 2 841 7 9
42 229 6 309 2 10
17 192 9 222 7 10
25 763 3 815 5 7
34 278 4 356 1 5
34 420 9 480 7 11
23 300 2 342 5 11
31 37 6 98 3 4
24 524 8 564 6 8
28 712 2 759 9 1
19 653 5 685 2 9
26 492 5 542 10 1
22 430 1 467 15 11
31 346 7 413 11 7
31 702 6 757 8 1
26 740 6 799 4 10
19 101 6 134 11 3
21 634 8 673 9 5
19 459 7 501 14 10
37 619 2 681 12 2
32 675 7 734 8 8
22 687 7 727 15 7
21 464 5 510 7 7
18 207 4 242 9 9
28 581 9 631 3 11
39 530 1 610 2 1
18 171 9 207 1 7
19 871 6 914 14 10
24 399 7 454 15 10
30 438 7 491 4 6
20 306 1 345 10 1
14 146 4 173 3 3
33 111 9 174 8 3
24 627 8 668 12 6
22 500 5 547 12 9
22 548 3 598 3 1
23 799 3 847 12 11
39 644 9 731 11 3
23 118 4 167 9 5
20 229 4 263 4 9
37 298 5 380 10 10
23 594 5 637 13 9
19 204 2 241 4 9
38 386 4 472 6 11
32 357 1 422 15 5
27 270 1 325 12 11
23 797 4 849 6 9
28 873 6 933 6 4
31 881 9 935 9 1
23 557 3 606 9 5
18 17 3 50 3 5
21 480 6 528 3 9
25 908 9 955 13 8
29 331 8 393 4 5
27 180 1 233 11 10
25 776 2 818 14 9
51 25 8 121 15 10
39 99 4 174 1 6
39 103 9 175 13 4
26 32 4 88 10 9
29 218 2 284 7 3
19 232 8 266 9 7
27 489 3 542 6 9
37 255 2 324 5 1
18 758 5 792 12 2
27 140 8 195 7 8
22 123 3 169 1 8
24 89 8 134 2 6
41 397 4 476 10 1
22 787 4 827 11 1
24 822 3 868 14 3
27 911 2 960 15 6
26 19 5 72 3 2
15 708 8 733 10 6
26 174 2 231 1 6
29 849 5 909 1 11
35 563 6 640 13 7
21 381 4 419 3 1
32 168 7 233 14 7
36 242 5 316 12 9
19 294 1 330 7 7
27 368 6 421 15 6
25 847 7 896 1 6
28 472 8 529 12 8
31 318 4 386 9 5
19 3 3 36 15 8
20 106 8 140 11 10
21 293 3 329 9 9
28 450 1 513 8 5
23 716 3 758 3 5
20 154 5 198 8 3
17 671 2 701 4 11
19 815 2 856 9 11
26 58 8 116 2 9
22 810 9 849 15 11
20 783 1 823 7 11
51 577 1 689 5 8
35 415 1 484 6 3
25 661 1 703 5 7
33 621 2 681 9 10
35 335 2 400 5 6
28 97 6 160 4 3
25 150 8 199 10 6
24 645 3 700 14 6
22 760 9 797 7 4
23 188 6 238 10 3
20 658 8 696 5 11
32 538 8 604 1 8
24 244 8 290 6 10
30 352 1 403 5 11
42 321 1 418 4 11
43 88 2 162 14 6
33 339 2 415 5 8
42 72 5 146 14 5
17 319 5 357 14 4
20 160 6 197 10 10
18 857 1 893 10 5
20 199 1 240 13 8
29 766 5 832 8 5
25 363 5 410 10 6
33 505 8 568 8 7
29 339 4 402 12 3
21 295 2 335 10 8
20 207 4 251 11 7
20 333 4 378 10 5
30 345 4 414 2 3
34 422 5 499 12 8
27 316 5 376 2 5
29 225 5 281 5 5
28 414 8 470 3 11
19 650 1 687 3 10
27 736 2 788 14 3
29 442 5 492 9 6
22 45 4 91 1 10
