25 365 7 416 9 1
23 397 9 446 14 7
20 423 2 462 9 3
23 1422 2 1469 14 9
34 31 1 95 4 2
16 974 2 1004 10 9
23 57 8 103 14 11
18 505 5 545 2 11
22 206 1 243 2 7
19 1217 3 1257 13 7
32 1148 8 1206 6 4
16 1259 4 1288 14 11
19 576 4 617 11 8
30 1254 9 1310 11 10
28 417 1 478 3 3
26 411 6 467 11 10
27 977 1 1031 14 2
21 92 7 140 13 6
27 830 6 883 8 6
32 324 4 384 11 5
18 743 3 782 5 1
27 1324 3 1371 3 3
23 1270 8 1320 13 3
25 1155 9 1206 12 9
31 1019 3 1074 6 10
21 919 1 966 11 2
21 390 4 435 14 4
28 1497 4 1553 6 1
34 1093 9 1155 3 8
32 293 3 360 1 9
14 63 6 92 4 7
26 404 1 454 10 9
24 1019 4 1066 8 7
30 350 2 400 12 7
22 704 8 746 12 3
23 1448 2 1493 5 5
23 585 2 636 8 11
26 336 4 390 2 11
31 329 3 388 7 11
17 670 8 700 8 1
23 219 4 271 3 5
34 1511 3 1573 3 4
20 147 9 185 3 3
27 863 7 923 5 10
36 1039 6 1119 14 11
17 1266 6 1296 3 10
35 547 8 619 7 6
31 822 4 879 11 11
21 244 1 279 11 6
23 1395 8 1440 10 1
18 985 1 1025 8 10
27 912 1 961 15 3
16 1101 3 1129 5 6
19 39 8 75 8 3
40 74 6 154 1 1
19 639 1 681 13 11
31 682 7 736 14 3
24 635 1 689 11 1
30 784 3 841 2 8
17 940 6 978 13 7
22 698 8 736 14 1
20 757 7 798 15 6
23 262 5 313 3 11
36 288 9 353 7 2
24 1385 1 1431 8 4
27 1039 6 1087 4 8
23 982 5 1032 7 10
22 900 4 937 15 10
21 633 9 673 1 4
33 1491 8 1553 11 5
30 264 9 333 9 5
28 957 5 1020 3 9
28 117 2 181 4 8
27 571 8 625 6 9
34 1360 1 1432 11 2
22 1259 8 1301 14 8
22 512 5 553 10 5
39 771 9 855 11 6
29 740 9 790 15 10
26 715 3 769 6 3
27 182 8 243 5 3
22 1330 6 1378 14 8
18 876 8 907 10 5
33 1065 1 1130 3 5
23 1252 2 1300 13 10
30 980 2 1033 5 11
24 1381 3 1426 10 2
34 458 5 520 2 1
24 1245 4 1299 12 6
37 833 6 897 7 6
20 890 1 928 1 9
33 1116 4 1190 9 6
40 522 6 603 14 5
28 51 2 113 7 11
21 663 4 711 14 3
20 563 7 599 3 2
19 41 4 78 7 8
29 435 2 501 1 8
22 816 3 860 5 8
30 1502 1 1552 14 7
17 852 3 884 9 2
34 1155 3 1219 11 8
29 640 2 703 10 9
31 324 3 389 2 4
46 95 8 190 11 11
29 216 7 277 5 11
18 895 7 936 10 4
15 1301 1 1331 14 3
31 152 3 210 13 10
40 368 8 439 12 8
25 438 3 481 9 10
35 1285 3 1347 12 10
37 1367 4 1452 14 3
43 1208 1 1303 9 9
17 78 3 107 11 10
23 49 6 101 7 2
20 240 7 275 13 8
22 65 1 104 15 6
30 848 9 908 4 5
22 673 6 723 9 9
25 952 3 1002 9 2
32 565 1 635 4 6
28 3 7 55 1 7
32 1232 4 1293 10 8
20 1449 3 1487 6 9
27 554 5 613 13 4
21 838 2 883 10 11
55 871 5 983 10 6
33 1275 2 1333 6 9
32 595 8 668 4 2
27 282 5 329 6 11
27 549 2 608 9 8
18 1160 5 1195 15 4
29 519 4 580 10 4
33 35 4 107 14 11
23 1030 6 1078 6 9
47 1415 1 1508 2 10
29 452 4 505 9 7
22 202 6 249 5 6
24 421 7 465 14 3
35 468 6 542 8 5
31 972 8 1034 4 2
27 1024 5 1080 13 8
22 1097 4 1134 9 9
13 1280 1 1309 14 6
24 1368 6 1422 6 7
19 1145 1 1184 9 8
26 699 5 744 9 11
29 629 7 693 12 11
23 785 1 836 1 10
21 17 6 53 6 2
39 203 3 279 8 2
26 128 3 178 13 5
18 569 4 608 15 5
19 1130 1 1166 5 6
29 1335 2 1391 12 11
16 407 5 435 12 8
23 37 8 85 1 6
30 562 4 612 1 3
23 1257 1 1304 7 3
31 929 4 996 9 1
37 25 7 98 4 8
22 18 1 58 2 4
28 431 4 491 4 10
38 1049 7 1132 12 5
24 1221 2 1265 5 9
18 957 7 995 13 9
45 199 5 294 5 1
20 44 5 89 14 6
32 255 3 325 3 8
17 780 9 818 4 6
41 385 9 457 10 2
30 1065 9 1133 7 9
30 1193 1 1244 4 10
31 1398 6 1466 9 9
21 582 4 620 12 9
39 1235 3 1311 9 9
18 1017 5 1057 8 4
24 537 1 578 3 5
29 361 4 419 5 11
18 466 2 505 12 10
19 471 9 512 15 1
25 74 1 121 15 10
23 141 5 186 5 8
16 726 8 759 2 7
38 1109 4 1189 9 5
21 737 8 777 15 3
34 593 2 657 11 7
17 951 1 987 11 3
32 1180 5 1241 3 2
39 1309 4 1382 5 11
32 1133 5 1201 3 3
44 1370 4 1451 8 10
25 768 9 814 15 11
35 1455 7 1515 15 9
15 1251 9 1283 14 11
28 783 7 835 4 9
22 1327 5 1366 7 9
16 1273 5 1305 12 1
37 1245 1 1328 11 2
31 269 2 332 15 9
21 820 6 861 15 1
21 876 4 923 8 8
23 1014 1 1066 15 9
38 803 3 868 13 5
20 995 9 1031 6 10
25 377 5 434 11 9
20 1072 6 1107 9 3
28 1361 8 1425 3 9
26 1454 6 1512 3 8
18 1011 6 1046 12 1
17 507 7 538 4 5
23 477 3 525 4 7
39 363 4 439 13 11
21 1513 2 1550 6 1
23 962 7 1002 11 6
20 448 1 483 11 2
23 776 1 826 5 11
24 161 7 214 1 5
34 1501 5 1579 15 6
34 1087 1 1146 9 7
38 1494 9 1577 11 3
35 2 3 66 1 10
41 79 8 164 10 10
28 760 3 809 5 4
17 426 7 462 10 7
24 755 3 804 4 2
29 202 7 252 11 8
26 725 6 776 4 3
29 1341 5 1394 2 1
36 534 9 596 9 8
19 1001 1 1034 13 10
18 1474 4 1504 4 5
20 1411 9 1448 8 10
39 190 8 279 13 4
20 1456 9 1500 3 10
17 236 9 269 15 3
46 408 8 509 7 2
15 98 3 124 4 6
19 800 6 833 11 10
21 53 7 90 3 10
30 647 6 705 10 6
32 1312 8 1380 15 1
16 516 2 551 3 10
35 557 5 637 4 8
29 280 1 334 1 9
21 616 3 658 10 2
34 1422 7 1486 4 3
29 319 6 384 9 2
25 787 4 843 1 1
32 965 8 1020 4 6
15 454 9 485 9 4
17 7 5 44 8 10
18 784 3 817 2 5
26 1128 9 1175 2 7
20 1202 4 1241 8 6
42 322 9 393 7 7
23 419 2 467 13 9
30 948 9 998 12 4
42 888 9 958 14 2
26 835 3 881 1 7
24 42 3 90 11 2
18 1027 4 1066 6 3
22 1193 1 1238 6 2
22 1433 7 1470 3 7
21 332 9 370 8 5
23 1457 4 1497 7 2
25 1055 9 1103 13 2
25 988 7 1038 6 8
25 84 5 141 2 3
35 1105 6 1179 7 10
23 657 3 704 4 6
25 1294 6 1338 1 4
13 1468 5 1490 15 10
29 150 2 216 13 6
27 1322 9 1371 8 8
32 1080 3 1151 8 4
22 1144 5 1184 14 11
28 925 4 988 14 11
30 861 1 921 14 11
25 1192 5 1241 6 9
23 549 5 593 4 7
29 1205 1 1258 7 4
22 23 1 69 8 5
22 745 1 789 8 8
25 1390 1 1432 4 2
31 127 4 193 6 3
27 496 1 546 2 10
33 268 9 323 11 1
43 703 7 778 11 4
39 724 2 806 9 6
15 850 3 882 5 8
26 1233 7 1288 4 3
33 310 8 383 2 4
15 468 3 493 3 9
23 947 3 995 7 5
23 1006 4 1052 6 10
30 196 9 255 2 2
27 1015 8 1063 5 11
19 1505 5 1538 13 10
35 613 1 683 11 5
22 792 7 841 12 5
34 1081 2 1152 13 11
14 1352 7 1381 7 10
25 275 7 321 1 2
17 621 5 652 9 3
18 732 1 762 4 4
34 747 7 824 7 6
14 719 1 748 7 6
34 1484 2 1545 9 2
19 1348 8 1389 13 7
18 691 8 722 14 8
29 934 6 990 7 9
26 722 3 766 13 2
15 626 4 657 5 3
31 327 6 385 3 3
31 1461 1 1522 9 2
27 120 2 165 15 8
38 579 6 662 12 7
19 599 8 639 5 5
22 1442 8 1492 10 10
24 1242 8 1290 6 10
29 296 3 348 13 3
14 1119 9 1149 10 4
31 1466 9 1526 12 7
31 165 8 236 7 7
21 285 3 324 2 11
30 1319 9 1372 6 3
29 826 6 881 9 4
31 845 2 904 1 3
27 540 9 601 9 4
28 271 4 329 4 3
25 887 6 944 14 10
34 776 4 838 8 3
30 742 2 800 13 4
35 332 6 410 9 4
20 1185 4 1222 12 6
29 1443 6 1498 12 10
15 68 3 100 10 7
31 131 7 187 7 1
32 339 5 396 12 9
19 902 9 945 7 8
23 1463 3 1511 15 11
24 1004 3 1050 8 9
26 968 1 1025 9 7
17 1263 5 1295 10 7
21 1070 2 1113 7 7
28 433 6 480 10 5
43 463 1 552 12 8
33 105 9 172 7 11
37 651 1 728 4 3
20 52 3 97 5 11
26 869 7 913 2 9
22 1384 6 1429 1 3
32 713 9 786 2 11
39 449 2 525 8 1
19 481 7 513 6 3
16 1398 7 1434 9 8
35 353 8 416 2 6
21 1320 8 1366 10 1
26 1139 8 1183 12 2
23 210 7 255 4 11
22 327 4 364 9 2
16 314 7 344 12 8
18 1417 7 1458 9 1
29 1253 5 1304 11 9
29 1437 2 1494 3 10
56 1395 5 1511 6 5
19 168 8 209 11 8
30 1344 1 1411 3 2
31 169 6 237 8 9
24 856 1 898 10 2
18 1198 9 1239 4 11
24 1092 4 1143 3 7
22 668 8 717 14 1
25 279 7 326 10 4
25 1460 4 1511 11 4
31 1058 5 1123 2 11
26 1175 8 1223 1 10
15 222 9 247 14 6
21 840 2 882 15 3
33 158 9 234 7 4
23 110 4 149 14 3
32 1168 3 1230 4 6
27 465 4 521 2 7
27 730 7 776 9 6
25 560 7 615 3 9
29 1113 5 1168 2 1
16 1194 4 1222 1 11
20 228 5 272 8 10
26 1055 2 1112 10 1
25 1402 4 1444 10 1
28 968 9 1016 1 11
39 1310 4 1375 3 1
30 1446 9 1513 1 4
37 867 7 937 12 9
21 1437 2 1479 7 3
26 710 8 768 6 7
12 1151 8 1178 4 2
30 56 1 118 11 7
28 1408 4 1463 1 4
35 1374 4 1443 13 10
31 13 6 68 13 1
34 485 7 550 3 1
32 1207 4 1262 12 9
23 1459 3 1507 4 7
22 983 6 1033 6 8
16 258 8 291 14 8
15 483 7 517 7 8
40 946 9 1022 10 9
26 603 9 648 2 9
27 381 1 434 15 7
23 750 7 794 8 7
34 734 4 811 13 4
35 1314 9 1373 15 9
32 1491 9 1546 13 10
33 87 1 159 2 7
20 906 4 940 14 7
28 112 5 159 12 7
23 1478 9 1527 3 6
20 762 7 799 6 1
28 135 2 190 11 8
32 242 2 310 12 3
30 617 4 676 8 6
21 877 4 918 13 1
23 240 5 286 3 9
35 1290 3 1361 3 4
31 1124 8 1189 6 8
11 502 1 522 6 4
23 1430 6 1469 9 7
27 301 6 346 4 1
31 1337 5 1400 11 9
32 884 1 953 2 1
32 811 2 867 3 1
25 231 8 284 10 8
30 374 2 426 11 10
37 531 3 610 7 8
38 344 2 416 4 5
30 685 9 750 5 10
22 867 3 910 8 8
23 249 6 296 10 3
27 623 5 682 8 9
25 115 4 157 10 5
25 688 8 734 3 4
27 867 4 929 12 3
24 911 2 960 5 1
32 806 4 878 7 4
26 944 3 995 3 2
27 529 7 582 9 4
22 26 4 65 3 5
24 1427 5 1482 2 5
30 304 8 368 5 1
24 654 4 704 10 5
30 542 6 597 15 3
51 406 5 510 1 11
26 1041 8 1096 12 4
36 123 3 195 14 9
10 134 4 156 2 9
21 1236 9 1272 14 6
32 1238 1 1293 4 9
25 180 1 234 14 10
21 1044 2 1087 6 2
27 999 4 1054 10 1
30 367 4 434 13 8
13 1378 2 1402 10 7
31 676 7 742 3 1
23 606 6 650 5 5
31 252 9 321 1 7
39 494 1 582 6 11
16 441 3 472 13 6
18 1510 7 1546 9 6
27 491 5 536 1 11
23 1296 5 1344 8 10
40 393 8 463 13 3
22 445 6 488 6 6
22 882 4 932 8 9
24 1357 1 1397 9 1
35 291 9 355 15 2
27 1420 7 1473 15 11
24 1226 7 1272 5 9
34 1245 7 1321 7 7
34 87 9 154 3 8
22 637 7 685 3 2
21 1029 9 1069 6 1
27 1036 1 1095 7 9
15 1033 3 1065 14 1
30 660 9 711 14 9
18 214 6 252 3 2
31 176 5 240 14 1
24 1212 7 1260 3 4
25 430 1 483 10 8
33 143 4 209 11 2
35 88 6 168 12 10
21 1165 2 1203 11 10
36 174 4 242 13 6
19 1283 5 1317 10 2
16 696 2 732 7 7
26 235 4 293 5 1
21 440 8 481 11 6
31 1187 9 1243 12 9
